400
5
0731122182
2136681538
6541644828
2586297132
4755813808
0384922133
8539518223
5943460122
5933471025
7477126097
1223775328
2442289577
4955358648
4356545314
3427017183
4265713544
1606471914
5461665107
3587189502
4875285845
8286882466
9728573258
1882310615
6134236838
5635189416
2147842965
7253898533
1714538484
4793995863
4967712574
2918602546
3744690777
8136632717
3358926544
6033878784
8279644341
1862644430
8341982555
5375857631
3221486533
3450844647
9778084815
3677827323
1204849627
9245122726
2926285266
8816645577
1887286075
6971461926
0741695936
3768420821
2454865222
2788128276
4892845858
4782647434
7648422804
8346427533
5558111447
8183548257
9162564648
4576253221
5551312218
0388277946
1610831879
2213876358
3533414932
5217734627
8291578084
6198358055
0835698740
3210303580
7566223067
6189922126
5286018644
5836577365
6773271434
7830855750
5761053313
1604556952
0210195118
8251666881
8477847647
5076930544
1763176667
8461706159
9123059663
2604782921
3324957923
7166363388
7856654107
4612152644
3486734938
3771985558
3764761441
6702880349
4831158535
0543255565
2018119442
7492334196
6126625125
4592715245
1708737372
5988925106
1281724121
7595463462
6141846455
6846158619
4114270246
8754636347
9214911591
2483764221
2486872251
6101624693
2266855820
6555568099
1193812371
7223536139
6875296294
7283360559
1773455271
1538280737
2628433633
5341532288
9712452081
9228467679
3160066306
8465537190
3484007665
5646732332
5811208894
0172048573
2875377664
6121880889
9321633537
8809734512
1159368565
5485424226
4071551124
6133612653
2735224712
5536486314
8223717280
4288644546
2783172641
7207841361
2475549243
9063843471
5747349588
8822276872
5881251515
7510512893
9438323471
4122378381
9436981891
5831517383
4718937908
0875318714
6852256924
3352133553
5117828439
6964343948
1636330646
6709119608
0614154072
3879383040
7121132588
1749225772
4815441277
5263293421
5542897781
7533071658
3573249877
7950378623
1398616167
7283114874
5814048179
2491631563
3708648443
3428701217
1782747631
2990572124
8214885681
1718707848
7833622337
6666689144
9151120118
7355452913
3016789739
0288066831
4925257454
5676433832
7489322663
5217255861
0028428130
5755306571
3861621074
6726586444
9250387425
1870540862
5138165388
5556168406
6545668660
4924861222
6680742718
7217778076
5091968552
7229600133
6318448453
4417582896
1533042597
4468045179
8152962218
1935754559
3862435721
7885318151
1823797593
9889645781
4084772227
8294734174
5122938244
4666082965
0461626319
3576761828
4738602666
0625155631
2239386221
5412654687
1225375714
8839142017
7581602217
5103111286
3827023144
7246072531
5251193463
3168389315
0447274888
6821047226
9325610337
3831412131
2757153378
3327554786
9921125368
9861542023
0551231678
1282546739
7650614457
3415348115
2367239552
2116453138
1663188414
7551620922
1682884428
1034414777
1980582931
8037398826
1845489961
2732724364
2632725359
9631734100
2475874165
8304261675
4751643652
1782884368
3527079138
6687405693
5323777667
1413075119
4225447038
6284785215
7856237270
5732714967
1315129456
2369541627
2708461374
4501736794
1706279186
0643808301
5773863734
4550751738
6625476217
0633345554
2148677343
3028158980
1510869478
1416693481
2463368871
5668278533
6452250443
0078450287
7132736062
4551894274
6755856628
8546514421
0074272477
6231712288
7637675122
2868134337
1224723746
7524139565
9723984147
1836806247
1863817371
8136715088
3362017752
3338629156
3845387542
4820380127
9706075846
6425227214
3383168422
7386162221
3044747774
5084028936
4478348564
6026360653
0488346477
1655606332
6437263066
6955224363
0275140207
6238833324
2986146427
2486482736
4718448738
8812957085
6358959428
6425447314
5178275903
4612342143
5153617313
6463433514
0848516927
6556684360
8432178921
5228802805
9152066477
6798197428
2683762384
0820382878
1228879530
1987923853
2635733012
6490715463
2771937838
0452783407
4279372666
8875332961
6183563027
1525168640
6253928835
6805512126
4635327461
6618727323
1386141108
4169466748
3373447548
9901833076
5455859721
4446248416
8406364838
3203182381
7459502713
6660411658
8424414587
4271447188
7110225360
4277528835
5502346336
4330664887
3137377076
6412866049
9406130225
8344011892
2655452168
6166828308
4877825683
3546420352
5721946918
6442474065
5244071569
8718814053
4844151407
6293373633
3530981488
1355500186
3167538817
7987111249
4556725506
4391156570
1311770617
9366307799
8983421649
5679344262
9280265385
3941785493
6213544718
5283753066
7917754918
1863129511
9234757509
