100
5
5846342786
1544653242
5178965588
7179726613
2037394458
2643524846
9605423024
9644854756
9743818737
6363304745
0219896191
0962145834
4508326385
3371851153
4303185641
2127875945
4228101413
5523949651
4813628189
1147613468
3182594542
4018448747
6827873081
1002324437
1551407482
5442943763
4836767261
9149048265
4747327876
7647121468
8732211682
5271418645
9041376383
2278532745
5156635623
3343666186
3671381724
6568361868
5673543519
7298003448
3471464062
5061157010
2387975521
0722570596
0021309775
8139774011
3210305828
6543747188
6483243047
6173016268
0336524322
8199328745
6437219221
8049151973
1954583651
9910335542
0525581193
9588373720
5874715746
7425663222
7171367552
7681067918
8741887662
1432562718
5223308838
2273930894
3098811764
2232643196
4692453043
0118839435
1566080136
1230927786
5555666419
4816822726
1363455938
5733648683
7466896226
4687347588
7102317722
0183838858
9786650778
3531827699
2710711885
3648546631
7911706415
3438637607
2963744606
5921531013
2130305011
5778516157
0332984878
5487438871
5358874318
2720976304
4375327857
3645458116
3646150744
2323334322
9846126791
4188916097
