100
5
1326737713
2387242467
7461307401
9528408967
4634509325
4446137162
7248843558
2368621773
8669365855
4832165741
1818429528
7825479668
5425734519
3186472476
2363655692
9862819660
7805624935
2192102745
4194282236
5387073403
3460241843
7652874456
7463421285
6843415933
7111874269
6270722960
1471082468
6156354536
8859502461
2934151415
0643254745
2556571896
1519781433
0311367423
9481489432
3812091812
1756858371
6673328661
6105621288
6899857236
2250154472
6808446798
0360656144
8427436511
3579407337
1360396121
2765082406
4738431984
5490231762
4201588625
7603221042
1438099970
3718494706
4527124914
2757270793
3573774415
2426733538
2434363942
0741027716
5269774043
7469613737
2389761325
6261826675
4267776722
2782360554
0900136151
6246089212
5834456621
1137363018
5022172759
9093468515
5239827274
6550400459
7167158476
0144958123
6901168152
9455531555
1357764525
6859808296
7849752514
3775613083
8444952596
0462832237
5556584885
8243441500
5167229348
1487727240
5482055535
4989484659
8633813876
2785588540
3576345244
2323573873
2743867262
1627123546
4468206774
8239450667
6395744752
2366093320
5622153169
