800
5
3258136677
3621270437
4680465579
6701075402
6789551077
0716298526
5661850132
3325418530
5835239321
2457310012
8503253516
8122516497
3430213343
6655966434
2695261630
3111121478
4243688146
8930526360
4673149830
3436603233
3417708866
8312338613
5275929756
3278546467
1416165356
8154374116
8533395607
6341166545
6662377817
1461524101
5335081482
5917773784
5453678791
0454357057
7440455214
3509702744
6030063061
3122256680
4237769060
5636466356
9783804532
6288878342
7685228014
5437430183
2624142614
1106238484
4861576201
4207108561
4713568759
9346044488
7667856062
1008125289
0187938419
6712763134
2480751934
9876483847
1312830681
3882393638
1833689803
2165526552
6146238491
4387776156
1669473576
0998652318
1135406785
3638527042
5633685138
8860382417
7831672647
5891354641
4386916135
3182527962
2296598515
0517674448
5065703418
9214155071
3406792781
9826859306
3108315453
1135132465
6632052012
7570887916
2196317514
8739531431
1439687308
9904771046
0234528376
8321130364
3181161470
3727643271
7778582921
5185457449
5837714175
8065433323
8072813561
6676530337
4512474663
2124833166
2871770187
3254214865
4155482779
9262825343
0858517833
7524638371
1544992317
9406784381
6864614760
2363241426
7329352336
7156423657
1659575294
8223065084
0578674326
7632804605
7429292898
0142668545
3159817946
6470018184
1857154671
2707228058
8007755451
2616358544
1991166255
6415430750
1476470426
5527784782
4929626759
1762788663
7643155413
5662733586
5322240344
8589688327
3522170122
1499558032
6427761886
2013723856
8043158903
6946834567
9988621333
3357672121
4711014858
5323969600
8722118468
5072394511
7624212574
9123836235
6129729660
5838692275
3320446125
8116442526
2228927762
2474189366
2551126471
9101918014
3911848722
2223996787
1372124262
5194005110
2429041761
0608659563
1168567535
4450026526
3667817856
4575943832
7817573573
7260222274
1457556332
8580713898
4664442054
7391161573
7777731318
3287896769
1830002098
0687072703
1112193732
0419134661
5224288215
9638292912
1316523876
6835654546
1215767455
5666275966
0627449688
2430977885
1843518713
3469586594
0769111434
2675858866
4776026971
1543435869
2139779711
2704986458
7671171745
0724569476
7103833178
3747355430
5645145973
2335163593
8944712157
4244788857
0378222168
4782435175
3074136285
7289863954
3184705443
2116464133
6859221713
7660237674
3002375512
1428320523
0264306606
8943641752
1176818182
4811064276
6218236523
1743760757
1435361486
5375736327
3064570432
5756425287
6737363053
3686033052
5688879688
6714724756
1863187237
5221868881
8175721882
3824277863
6383452563
6943962414
1037549755
8696811357
5549372611
1012575534
3405929175
6861178085
8073557220
1430761967
1687328011
4620183046
1397418456
7105733750
7228812317
8739823423
6133727522
3347117112
4325178787
5446750352
9975064180
6015074856
8340606091
3738225256
0145793346
5103368561
2944834832
0442950536
1728655443
0664455840
8318765367
3108745615
7153115437
4783774823
8258745747
7485670742
8849111966
4460486472
2353691885
0084546569
4288635436
6252708333
1414131625
9796602667
1770423894
6595474382
1548283682
6762756485
8265243618
8659359735
7418827179
7440887212
9388569648
1956658824
4338668661
6569675315
8376872115
2419126557
4489572445
8661586372
8652677138
1426320674
4156781330
5471442563
8523018022
7669826873
0993375331
2456711012
8162341233
6283811173
4591831411
5018383777
7826160330
9043087101
7779774135
1009745936
7531873508
6223451347
4423402735
4555643334
0789480104
6001833213
1635657353
5665352964
8324330386
7756651727
5445029677
7492554466
5623700820
4732268464
6123123712
2581331154
8548930357
2443883223
6151452565
4622727583
1278160337
7037653917
4144513730
7731170342
4462901665
1347167362
8634599835
3686636433
4836292812
1476868552
8682444282
6570831413
8443628988
8068096394
9726477810
4421447470
4555141871
7924221173
6630061114
1439728835
7252364414
4521426601
4647487371
7651790272
8588826239
0802419486
2246731386
0754137334
5293993257
9221668721
3528663187
1873066087
8749286508
1107166726
6922751185
7565411512
8361582835
7261551661
7288163751
8385134045
5403058624
3450398339
7158978523
2961672437
4090260938
7251856513
0575287250
1135834177
4234775363
0263355772
6356678142
1735122843
2938711378
4762143170
1617056355
6495671575
4728518843
0546541346
5725812191
4097324048
7117325366
6877534649
3353683626
6108247541
2617238021
2897454721
2777912786
3864856675
2373526862
8702150578
5466292862
3048116146
3260882294
4268134421
6222785137
1311752423
3951976965
6770756729
7165471341
2192156245
4832124722
5237667115
7166422835
8687132601
5665574405
4655369836
2608584807
8143681343
3562378663
7392515451
4612486514
6598581512
5841473248
6516658265
9326183148
7287132151
3083603659
7888911127
9557375714
9892286582
4985513792
8760763396
8102736358
5236133378
7765101733
6534713464
6318791733
6262318113
0678248435
7343232358
2845446257
8058144788
2247597393
5792111174
0234082759
5816277081
3377017668
2044803353
8354473858
2465168533
7411277736
1576322810
6541230804
0902392307
2753914020
5879412188
2614363021
4311003063
3632141867
3134286898
6539385607
4716414483
6346317862
8973595614
9854394133
4130362584
6863957245
1813681389
4717262247
6335633799
1761777263
7732362376
8642893726
4907174284
5277703687
7895667849
5803724779
8568356955
5110315686
4427433695
1187684925
5593962417
5224336757
3765527428
5547398540
6829867428
7467976216
2367835640
2476631812
6354539666
6148675141
2241545327
8596437821
5601821277
1312669154
2163306452
2807758522
7841522378
7970125142
5414979578
1720956161
7410153046
5417708476
3488063123
6767810718
6672210580
6704806325
7146038487
2680810864
8025487364
8423865718
8763364263
2328332702
3725769376
7772701553
6345245654
6517753908
3494898164
9586283061
4694373871
6430361277
1582413487
0136131680
9332108347
6740073646
7534730219
2792129537
1884671214
6695441637
5475219282
7501266373
1765383546
6451410147
1278739817
5825115570
5276143937
0463638557
3653988344
2781882526
1662232676
7541657148
3687898721
3318211153
1284017633
1918829825
6114564233
6888712481
5388826314
9319313429
9538604467
8135554712
8187222161
1578378909
8141381726
4887134588
8651184821
3167271476
2005483169
6826493421
1665777432
4912521271
7553675188
8453421566
4762152619
3450567090
5643515252
7866526648
8512577633
0689624578
8876263286
8011347843
1779348907
6437374783
7428518671
7257743371
8837022501
0180925167
2966337416
2623061379
1195031458
5262672232
4667261802
3188832182
6460744842
6073607120
8889847426
1121923499
9818218667
5231525038
7245996655
9337991662
7338311254
1284703455
3721268410
7228915734
8397662554
3419478089
4428448142
9831352650
8621426386
8628272310
5433721541
0622898254
8733638046
1546485429
1051119367
5681573005
0871786524
8857446257
1622836314
6428513583
7657055062
6803359085
5543326184
5889461610
4132537534
7583273681
3528012122
5454218182
7101272657
0250576865
3567732185
6554807424
8165795587
4948805730
8541922161
3376824655
1333636868
3658258538
2634834734
7812561840
7119388227
8426230861
6042333878
5613187217
2627130581
7362352738
6086317591
7805592227
8896450124
6351283132
4300457283
6963787128
4102406661
2356771295
2334532602
3725892177
8363668617
4422038436
3745231928
1779667187
3687428296
5278738127
4258974184
2114572392
4464016654
1420767782
5522112232
1390515718
3756734473
9921345257
8850318286
1233428157
5089144334
9873365211
0085648076
3577432364
4161332426
4656627847
6315282183
2413545274
2874172510
7092876767
6154464528
3566634725
6368201941
5720172649
4441391766
7532774594
6513670316
7719347131
9675201417
0416486412
8873033756
6043210485
5364040776
5682172892
1436125755
8174614572
8798548061
3772207563
6216531220
7719269616
6868277787
7588471416
1615676845
9728119158
3497861130
7376344036
4863614601
5675416412
3516638855
8912156569
8477739406
5846632731
5432512567
4143129142
1101858258
1506329761
2618844176
8427764480
6174969862
1188481038
1515204904
7531310831
2915367036
7725857006
2337213797
3343438942
3243447242
5925658128
6704556238
8280504668
4535471185
4490225877
9147733724
3115110089
2413378277
1890317544
0816604769
1105700541
3313494049
5436266340
3094520282
0677578787
7138528493
3230144358
1543844640
0774682024
1667333449
5857133375
2747538138
7461821663
6656453952
3647355694
3443681782
5585473486
1842960522
1625338018
3724729486
9048628110
7134386559
6252166158
5156711535
3364565365
1777680288
1413142392
1422992059
7432267365
1891167831
3434883773
1697137698
3480830832
7375842214
2016001255
1710136764
7897658673
1455370879
5455377612
2088085766
6880171587
0476156628
6643024415
2983674215
4725349097
8819154141
2662033357
8678864772
0763877339
6182680207
4226613543
9763538331
1668330183
4502142922
1509815128
3686524842
0767744158
5676531194
5844423291
5352475574
7941475921
3051553721
0892349588
3625611748
5864746042
2631065158
8323471134
8227171385
4482174373
2483888121
1224266713
2035785657
8343237374
1726826271
1476686446
4676283511
