200
4
2805275875
0726112225
1065144642
8564484476
9075303943
8425111152
8201865812
1795284812
2318707918
0466992701
4922882299
4237488785
1162682474
7149435895
9254728377
6316382598
8326724555
3236768799
0561650228
4053016255
7633034134
7517412134
5385866296
6430463153
2478351875
6745417761
7254028946
7820344819
8581540527
7536887413
2474962075
1994102668
2840527571
4785300127
2828605735
1321455782
8314103755
1377253802
5227176208
9465968643
3578551123
7268577657
6989143412
0806535506
1812161567
4863509718
2215841818
0231991660
7509980967
8077244552
9355921427
0663706316
5551087147
2363472714
1725242647
7147645113
7611867255
4251278838
7616705549
3014767579
3462460856
1436175309
3547772246
6236642771
6514152293
7873614908
6923574878
8647173895
5542773686
4892641155
8565590628
9942801105
7525246257
3115354605
3020082555
4750143319
7462704121
2750572592
4681382961
3236752651
6270583278
3800817715
7373448438
1208652973
2177477512
6969727986
2654564846
5338136745
6198744135
1045946458
3592328778
0325663264
0952777463
8568964744
5783886852
0310164276
5430456583
1215734687
5117717301
7254442884
3627467918
8416772426
9281157961
4306983123
7182586107
1195086291
2615747945
4458884487
7767419453
5935425538
5434728318
6377755300
1439130711
5186192691
3288491411
6612963656
5835687211
2207043990
6179267634
4743550646
9461637779
8795162197
5477633052
8726880753
1149153681
2856286549
6287507598
7615578622
1385245533
6419678735
6687137332
5626628533
5327261667
8126872694
7632624085
8526976608
4168338751
8315686783
9206767367
6086274271
7104730012
0472857508
3510576188
9656054511
4868385994
0862645295
7310313504
9427346182
6737016455
6784438422
6936852556
5357639730
7227466714
4451764021
1307257416
6638167214
0274481841
3135747122
4751452434
6565272217
8664758336
9957402717
4484964984
5664621677
0994041858
4947356525
2126557799
7677511183
3516156608
8458424851
1483412664
8825833292
0064558214
3655082778
6412505916
6185513526
4888167978
8949373297
4667797292
5265191886
6540374381
4200642689
6677220935
5254231757
4873189812
9418554617
7954164782
6914620668
2271322613
5345232289
6344805106
5131723447
1428932371
0415094615
7467732999
4632404375
1627317466
6156887789
8155268304
2385668579
