400
4
6533756576
8941830490
3803233211
1274156680
8361361785
1871704458
4344692178
8364983485
5079481152
2537759653
3362782057
9152449865
1214141731
4916663498
1802241923
7985193632
2367481658
1151220146
8847676282
8436918993
6244132110
6453465688
3183370072
7866341282
0851404115
1817871241
2488646624
3525554166
3558993403
1816063261
0761803258
8354216581
1939450164
8111117887
6466210716
7171856475
0355160238
3662642682
2250445210
2472565518
8265543343
1124375207
2733227164
4864115385
2196338537
1992460162
7725375656
4772437466
7145411381
3622787548
7780667178
8747629188
2278325561
8087706602
2651687859
4572133792
0628227171
8537423733
4644594295
3030353269
9248361348
3396196100
4258722269
4553379673
6687341284
5838213584
2135961394
6156201976
0856925612
7345369281
4481445593
0218057437
5016785872
1434113775
1334123435
7943675528
5682480388
5883527521
2046619496
6828022205
5481995126
2785315036
1707295824
1837737400
5261493154
4613385346
8811533864
1342531676
2083151479
5009686756
2638161461
2568514204
0461710741
2111127611
9105928472
2132456072
3283561560
6414371506
4845152655
8933221594
7878835824
0302155753
5274459121
1644765431
8620744886
0541685263
4912556662
7793161885
7371365337
8756641792
0415262872
5038928048
4438473129
9662702145
4071897996
4287488610
8033949692
0372845616
2507116873
8362795138
5646005821
5631559229
6607387185
5866473617
8482776585
3164739155
5755033681
6065121019
1122524374
1877489544
8308555452
2336713685
6975654617
4151225363
1519624888
1458363738
6886162846
4021314665
7276952888
8672237441
7371241748
7881332376
3426262805
3771348267
5454263517
8524346381
6998178423
2622670701
5020596846
1144573167
2420726937
8198376453
8119684331
8843465845
7677766578
9564765223
2814510862
2346451908
4656195527
8728861321
6278630868
7844438528
0657862757
2859743333
3377782497
4371321377
9601381574
9612577473
7837975903
6198218008
9503321367
2748426817
9317359306
7351738621
2334801825
3846731490
2804946368
2215312186
2198872621
8174818946
7970835878
3161579740
4123465811
3414355261
8476373122
6517834801
6993566397
3787877304
3772379773
6836449108
0551281261
9648536275
0617497433
7924053035
6318073676
7574547358
1652958532
1929078427
9586074317
5156757671
7332761520
8051002757
4033036482
6666801486
5185156501
8823328197
1777626563
1728087824
4507172420
5311398484
8017472354
1117774483
7923712031
6586523025
5827503465
8182144248
7268562580
5969115602
8534758444
3698748854
6419577883
4588757355
7671114921
0831257760
4454913775
3538717172
5663724737
4383448552
4135771585
2718927468
4870203872
2489022969
4623280791
7432381481
1192447134
2740773948
2765748522
2491237262
1352065177
1358605614
7185286721
7457765942
7284433185
8756522822
1306726676
8777529367
3877175674
8514573892
5476631344
2027623622
0347267416
3463035561
4726728342
0751852766
6251838438
7892375455
1767778545
9066323072
2113757591
2333260181
6810446851
1671252092
4548760659
8907753344
4625714257
8556121682
7114825634
8248086426
6262827160
8152672376
0802412026
3651853318
0593852332
6198815168
2346671074
1558853692
2612643224
6385142248
3428566141
2261697843
8060972612
4951773915
0450674128
0141253263
4837925882
8676221145
8284876718
8649931313
8676320579
8558579411
2185253107
4686773635
2382698734
6340725369
3671787937
8265484823
2237228367
3774644679
8873761111
5885358344
7881135846
9818865312
7418721948
0147218459
8512179334
1475168650
4106253878
6881718752
6353047668
4181153970
7223046897
1028282767
6337503106
3646551726
3286707084
9247651856
8791838495
0753871797
2148383716
7384193996
8502871734
9413412171
0280469231
6130061241
0898327773
4826463581
7457182686
9774877473
6525165645
1423662655
8846693257
1942911607
2014545133
3126877329
1848658672
8488151274
1383132757
8842170576
1749237657
4865602351
3469288921
1618355281
5317851217
4619148723
6443590817
4581614314
3411267801
6574575357
7194420543
5685141338
7857693406
6865271884
6784225826
5873233380
4419475859
6709467677
1824874015
7670289460
4231647551
2336351473
6916004550
8781466863
4873222837
6244441371
2113260144
2500206685
6098541567
9925843227
9268318334
6110735821
2648565970
4531013298
9207717766
1857387644
4571578348
5746185652
8370965116
6508388087
2729387833
5367847026
7225800466
6672321187
5946753787
0267098065
6581933876
6153228110
7983643333
0252581718
1154425737
5678301365
9915198694
3366533184
6134285377
4424480626
2308048554
5215570163
5531831581
8421513975
0254231642
7752171774
