200
4
3558211632
5416364392
1233436458
1172514611
2295733893
5577467120
5764142756
7646735749
4378245765
1901156511
8180963441
5032146672
2283919368
6868603467
3632012724
4436732342
4841708230
2229773766
6150624751
9671966912
1275966171
1200276788
6244166832
2615261688
3248176683
4442746528
8663871163
4561863299
8855261984
1962685631
3832754336
6864384846
0965873454
7823434245
3875829454
9549873262
2115236433
4704588870
8552544576
1531468067
1031742063
7866681445
8184889206
3528764215
3368944643
5652256087
7422448371
6710111317
2526243473
6297846542
7191251123
4029172171
4510646807
3656072687
3256366658
5807155417
0858176434
5927418092
5485574202
8615724150
3764154211
2385535042
4307868102
1145973834
8882435706
4561610362
1923291927
3980837635
2717448301
6539268176
0445838457
8456878970
1346384832
5458184583
6209200883
2998247191
0324018660
0874337667
6888654249
4550915423
1461812205
8857752933
6647131875
4878494591
0254115834
6861143639
9126670427
7752414808
0533157436
4025122666
2019691244
4424512929
3324451123
5582706287
8626673871
3715333131
4025785858
5128815816
1325339661
3626699692
2449990613
6668854245
3812213717
5068238445
3498348572
6728435683
2086745116
0574965479
3354173878
2076818779
2242366742
2635689685
8718725434
3356482820
6777446795
2566439641
8251731532
5645748157
9148236674
5126631682
5612126809
0971365787
2885532976
4976562432
5188321348
6457268673
7012457285
7235589888
9682922257
4217566575
6155320115
8249318676
3162674863
6521520242
5787449885
1458131428
8754427617
1328695161
8272164813
2844725604
1388486618
7248960822
6779687685
2598175153
8047280814
9674911620
1237674320
4821462693
9235704615
0508035783
0241108642
8766774617
9341212638
0476976445
9125773138
3838377855
6766043172
6618621297
6021850443
2535141803
5705293806
8816638292
4487393894
8061078633
7653365143
5165171774
3414817520
9666797488
8509165734
1873479279
6232189502
8909657551
7826608132
7071557001
9362334169
1385864631
5839677559
4922181423
3292881221
5766976538
9987333240
8476844564
8437125595
1731242439
8753647361
8840182468
8834664535
3241088759
4850020763
4663973557
6299971851
8863683158
3401654816
0593749960
5542675037
7123721561
2222468541
4276168163
8313088869
3727876272
