800
4
0311443397
7306346171
5731377231
3544018182
7615278358
5706731921
3830705444
3637522274
7515749870
7556833165
8164481797
1734563289
1462441827
2821734374
5553867277
2145724130
7818125234
8026676837
5259249176
7548246387
2871592738
1662728740
2689246772
3364437120
9819173673
3526168665
9177871435
1666678242
2411755484
8153873807
6857757477
5656201347
6115693387
7666960586
6987221179
0531343415
4838665366
3418352780
7398855313
1475460262
5731383183
5412550624
5563858404
1524853723
5726413971
7529751135
2691483089
3204141086
9241804431
5769360922
2534696882
1416198812
1564325593
5382922167
2277613246
4363873317
1101981625
9829655178
5873554471
6437120133
5212282243
1535981566
6485232886
5611825254
5283326342
2438499943
2698117748
5857327091
7334382171
1022675922
5984468344
5635584695
7801847756
1409764274
1282435884
6896883146
8883385406
3648156289
4553244723
9442315084
3152247853
3327235514
6029138989
5123376746
6731930355
6977848791
3375835834
9464257830
9638131372
7406626684
4084276661
0276367147
6363327453
1342132254
6543105693
2951198524
3489437767
7146286287
8521347387
1746547796
8427266337
8444028597
9146651224
1688621057
7380980565
1031766738
4879260648
2858375404
1692434668
1266787257
1315153556
3476854613
2629947612
4263565641
2966734813
5958678920
8766137773
3114377829
9664124718
7347178745
6856557512
8894085404
1116613684
3727179292
7481639754
0360928153
1037148643
7481769471
2435334785
0895851762
5415709451
1635475003
2167600138
2714296937
3920138864
5526571419
1272242181
1383061747
7154314567
0275263685
9632585834
6374727523
2187838612
1568781858
8496125255
8332275303
4572583896
4302825298
0354724752
6120562586
7433712791
9032839328
7355535730
8761774554
0748381811
5597653242
1394803766
4514927278
0176005121
3788562986
1221610821
4614255718
3288382728
0732763223
0344605219
9841760078
1766454556
6308748483
4963705383
8163554363
9553253265
4375285636
4678306023
6464725753
2217716167
9143074244
3414779131
6624279287
5213657137
2627817176
0781103232
4811471645
6242744632
2685258728
1086954584
3775535460
6180611377
7118574645
5545948513
4956218498
3861117209
9116078763
3652732927
5224719318
2693433995
9805118928
8762896666
5423140575
0997524727
4142818628
8612845151
4132462097
8434719346
8623155555
4775188533
2429202155
5279422587
3805831878
8443857854
4271661237
3861910157
5968323797
3268635588
5042508862
2855331758
1885784323
4717479668
2516538988
6062544815
9203875538
5784483951
0044815617
4241305768
9499924652
3467281708
8633172861
2833357464
3733745726
3257468223
8463360376
9539814277
5313238274
6214854785
4445564754
4807263004
9851313476
1694120854
0344549847
5857833115
1549315417
7686649374
2833660300
5010121933
2444748647
1632146397
4358458335
2329628696
0588500646
3822448997
5826226360
0588323713
8880725546
4877117268
3229658348
6627729465
3451085661
3134984875
1422036905
8658375072
7181789846
5112301732
6454231417
3114274511
7927411250
5132662651
3686727878
8647677323
9523777454
7931261695
8762055149
2311497725
4462134682
8588573128
5932746689
6313629318
3711722671
1250323268
3479359631
7032703838
3839145581
3642835852
5432875224
2234825315
1574839437
5821504451
8693607753
4332465106
4522294004
6636365355
6785258282
5415650265
7708572203
9413558151
3784761892
2464638057
4338335583
4862642214
6923236099
4011241563
6206786759
9034051785
7835246258
5588327599
8779788874
6730654181
2931677281
0111714627
9417235543
1148680357
4815330161
5558241288
1205634231
7374964672
4653522806
4615478756
6643581388
5334530373
1777597835
2743428644
1289171112
5583412739
8848916188
6608373233
8864326568
5737636325
6704711705
5265255722
3349399827
6324564948
9213611113
5873310198
5721104651
2389019256
3613412250
6533684866
6587049289
6179310549
3357558312
3874807362
3825257853
7630581497
2755624333
6328323262
2424716173
7365552217
5277324518
9187910217
2487947475
3465177476
3703874634
7162661465
6125795433
5658711583
1699551508
4787932426
1016871359
9128280537
5816856408
9068843152
1110142736
5434878628
6961269644
1518074837
2520472142
4475171882
6261737354
5568465145
9218412236
1145650483
9232339183
6841418168
3707088597
1405908712
9213522627
2104583887
4724443376
4623415134
7266236735
0819274056
9450169103
3639064978
2372384989
9873827377
2523127057
8131163504
3742939784
6462453561
8185310444
2124475583
4868882357
6125834401
2482711144
2771737256
7574415082
7285785574
4647487362
9130462147
2252205375
6446331352
7852346058
5696343546
5146251566
1245452022
4885827718
6183888844
9428795732
2575338169
8458730587
0206043891
1553771404
8788080572
4361608944
7442317229
8414321615
1674751562
1303579694
5772420682
5569331175
4881579742
4318745712
9703156982
8336176497
3978475123
1659795847
3325119634
4444148631
8833893128
8669903555
1532638480
3123361586
8247528632
9564118839
1556056249
8654116288
8563765603
2746262181
6298116088
3175088725
9148727545
8675111777
5568644487
7230087957
4468731878
8528177753
6546326731
6837404373
5680680191
8141359517
6687846050
1156728355
6774526337
1717677369
9806556149
3721552619
9278730944
2174971948
4659336581
9977555257
3467155309
8557210012
2048672550
2261068666
2512776266
0426445565
5834314466
4479525010
0285230228
5697906059
3638683031
0485753161
6857663355
0172835602
1638746726
4723805291
5769433976
0861174155
6508846862
0313277245
3035953271
6420849911
3116577661
1176716526
7753268576
3729678351
8612361923
4030498328
2781242672
0284165821
6635322211
1575582223
7044837647
5149226262
6807236665
3871266671
7521439586
6889666832
9324012999
2813762335
1164223351
0608148671
3823831142
3931522341
9104378880
5348882208
5128045321
5111405831
4457726351
3073475651
7930112547
9149111525
9774530333
2964110696
7102222229
3131606984
1731838367
3171277882
9434015846
4315051789
2468326173
3504348736
1454389146
9564680421
0646107269
7537343316
3116653168
3232801539
7410042785
5142841853
3550886379
7326010171
8551476934
8969147733
5354601562
2716213278
0794445223
1187131184
3457721441
7823884294
3138164192
3629839549
4854067566
6682737597
6728616516
9561421380
6316225431
7276372876
1876274173
0402281824
2024446232
2447141312
1192359310
5854478331
2537322586
1761193331
3127480295
7616488823
4621834682
3966582662
6040733234
7258827088
5702756478
4521684336
8821162674
1671786165
5944381868
4543241729
7890478672
0416124312
2884432387
1736154452
6456158955
3932609672
8624142125
3059874299
8024276098
4826243382
2872353449
2830545796
6978143262
8774622139
8715195334
8844017117
0573383448
1620110196
1859454126
2615533898
2317298277
1340136769
0355424228
3518823126
2562376211
2861556462
3211507506
7558507737
6881176826
1081525350
4522250478
6830618602
8872217564
9386279451
5987258087
3074616991
4683268463
6069734387
4864923165
1757421334
0552227787
2573795212
6496403363
8625796758
4648156151
0132879678
8414751824
0547953801
1702550524
8754864613
5471544757
0503697593
9612417346
7428327182
0876677560
6783738565
3838833499
8677768664
4254120264
8865472407
1680316116
8786316442
4114957113
3924525921
4010895699
9581153778
3987907348
9652778126
2383631313
3717464738
6875046878
0245166885
2427732094
9786311307
1460675692
2751624532
2812804108
3455284894
9922625477
3863219768
1563068266
3187484411
4434208488
7277166768
2125348423
2313516586
6356251164
5643157496
3738763876
8666422097
1717123535
1544261294
5169435724
3277139472
0221175853
6796887975
9475218752
5803129271
6390281387
0968244342
1478661869
1523542828
1378701489
3132154732
3457563380
9321729930
5501874799
3454515002
2324827377
6767492927
2360671455
9617439045
5426287041
3762676566
3712694724
3592097420
9572231353
3214706024
6138878136
1122154635
8804267222
5103807868
0196327079
4612872390
2541378824
8608279983
7633831484
7176512373
5125481381
2646861108
5474135295
2184456198
1871926172
3763318884
4535633014
8906434054
5555217085
6538360435
5253471708
6973557834
2317268161
0081674294
2532972287
3236164829
5488156293
6783301877
0424115365
7514335226
2475374249
7416363164
6847547704
2501171546
4113749960
3813843207
7577671740
5921396447
1321706395
8213587354
5457688647
7497691577
1495273286
6125123897
2410414061
4392523149
1025631670
3619113074
5224844649
5545139656
6556315569
3644528151
5515452464
3889415241
4412821362
7762734946
6832385076
3053232363
7267558335
8176776857
5626473185
7065857344
1760346711
4618746595
0484633257
9363115930
2859245244
1292318312
1193613887
3475807041
3236432841
8235385882
6378444227
2741521511
5231446369
4725167160
4047550056
8514575327
9617135665
5479013843
4178832388
8481697763
3845155752
1703115225
7221498566
1398540486
8616946651
8378275344
2634907322
3588265442
2997440207
0825182649
3742855284
3408028714
5182233531
9303259657
7054417181
8635914480
9867772346
1730583496
5612037234
8484553430
3301486261
1088685027
3427539396
2445567273
8179441316
1666163265
4132665626
1605715513
9321528873
9655171147
7561686261
3827173613
1647846188
6562188885
