200
4
2106456410
9089550178
7446764250
2216158125
4232087526
4287140538
5845664081
0882395413
8087395720
2517972672
0861562021
1725576328
4338406813
3160263955
2944853165
1320521122
5460325247
8830217230
4259251248
4514424567
3110604624
7767153689
6752933414
6584713766
2302981346
4251933135
7046135210
9725051978
0483184813
8358341534
4312977352
0352802129
1763081657
0811365757
6409075565
4702461684
5492494759
2377835446
4482765618
2751570235
3590358284
1151175835
4731763486
2157142717
8314176023
2751677353
6285051712
1163548516
6486354892
3864672520
2564227571
5832570857
3713605551
3416256333
4274418104
5634052638
1530798801
7660207124
6164193876
2374240567
7518920957
4602225087
5307323727
7143356175
1533487120
0384557125
7735581795
1250298651
5118966813
4497495930
0155252469
9349567564
8378628975
6462471622
0124339155
7694663652
8497052743
2713552271
9543684363
9155314762
3906904261
4754523142
0812975561
3304087284
4321816659
7278388648
8885859234
1822856322
3272551256
7843684627
4582061326
1577962145
6246966232
1914041358
6946753871
4816329843
3185767624
8337484522
3157428745
6783479334
8364008198
5717294266
5466648358
6995812571
2352271477
8196439665
3080252142
3788423801
8506943747
0019576661
2797356797
8422033678
0135247568
7344521468
5677665121
6329821766
9781611822
8779613295
7485105353
4553627304
2534463946
2328078234
0573586226
9835912822
2740125129
5444692358
3052886740
6514558172
1073888353
4222015242
9723096565
5877629227
7555238785
1886766404
2072622332
4664518237
7436433066
1133870132
0852264065
5585968948
3985426887
5238618813
9979542688
4781526772
5634065488
8757893569
8860571562
4752314742
7772398331
4122562234
2827466796
1155521797
3880234474
7248848226
7212512039
2147667685
5951484622
5836688644
3302672197
2151274135
1735056860
2038384531
6835344444
5102863238
7047468847
6519731556
3112828603
6456450446
4734968373
1629943125
3135575895
6844953306
7185221841
2533583311
5233022545
2051526733
1777217498
6367739895
9874941170
6662461372
0365768147
4662318505
1794221140
1727374164
4875665976
4254848814
8126891120
1473881774
5285023101
1552456172
6713441573
1224731148
4581447951
1408557451
1153741308
2664296454
2887480778
4969378445
4375417685
8473517646
