800
4
2721716758
2981221112
6431633055
2287814221
8758833406
3212835228
3215055622
4225853586
8314028417
6776426551
4802305336
4011827424
8732139851
7079072976
8383458087
8438183953
7572462676
4835538306
2674933416
7221870081
2024511734
2268028354
1571778567
6589099771
3835695551
5276459157
4177824358
4264957919
5467537651
4572325125
2375116427
4395130867
2125532170
0324511154
0554434558
3756584257
6016373598
3418185433
9066662471
5818845251
6572644788
1406779552
2463768769
4579188316
1582328438
5273568654
3609021355
8031731969
8813543987
1616747618
4657585967
5918626759
0882933875
1222831725
1983521328
1053145362
6267212115
7861394634
6846021811
6290243353
0656575851
1297697062
7567499792
7932893728
2150366531
9248142228
1182502173
1144053477
3295235834
6330518244
7365045562
3276069534
7644497515
5147886141
4608543528
1792237726
4638791196
7683456534
6911547104
7593011784
9629196288
7530777114
2493814190
3237460257
5182185983
9465641282
6252558583
4422591175
3452153577
4257227385
8760864635
6324112431
9285936244
4296733612
1411638871
4458951128
2311058559
0055927336
7137485031
2624526573
7516855334
7786166981
1664387818
8212388790
3526363811
3738248818
7827402116
8243771546
3523631741
9233745784
0360864938
2794184108
0520729814
0124472578
5235836888
7046648454
2325480839
0858529603
7069311045
1828563264
5201476937
7531086554
4712178427
4144804990
3879550656
4768210161
2234713824
4472754945
4124847414
6625301045
7318733586
0157674433
1652648851
8752335471
1305758114
4578493104
8626552861
4620772477
2794206941
7138251687
3278116238
4337245345
8684666772
5861865428
1458255448
0738515837
2616620043
5570584425
5840686431
3927362126
4483195597
1297250464
5329443858
9338748407
7272171447
1352276185
5488223814
3703343073
8372878682
2195744168
9859616422
3611177975
2204064201
8918727250
7080121731
4939601349
6823279103
3943358887
4947164432
6778437367
7086614080
2616446563
0682983370
1484625263
1955344164
5644213471
7440351158
1810318749
4286612496
3461503132
4142752812
6431882161
1486387306
2242862230
7771427773
3713213532
7647612273
3037853541
2128523084
7215004235
9528346925
5234185788
1868388922
0475883243
8013241667
8184227257
8786719491
4834211684
4019094868
6733868472
2598984384
1281286061
5822229543
2371148554
3134730736
5121664292
3412123849
3563277716
2342681614
5372686555
6117201933
2189657079
1874326096
5517518672
8445068143
4989421530
5315781384
3878853626
2227226805
3221816896
4686558036
1827871595
4950360286
8132998740
0129681178
2731835725
7586675498
1663314647
7881347577
4058645167
1327437712
7255706076
4549815706
7410746747
1357120751
8219772589
8535719466
6635453384
2828764161
1716550875
3512503616
9084158645
4110554378
6849465839
9731246365
3271115428
8282583910
1553241325
0867222766
7035361050
6727834721
8643800232
7829359340
4414682601
1134827133
4632767941
6373527721
5477813524
3215174202
9813439803
1682126193
1472210348
3183211525
2522857852
1409866481
4094238781
2483878347
2289879174
1268654434
6443713806
5877351178
4753321055
3238333832
3258255737
7611517178
6338667644
5325715076
1737718288
1327685531
8804136701
3271885133
1797158152
6187251354
8403836963
8285753488
7240606103
3254931143
4468371687
4535486366
4888131375
1679265222
6327353291
7623506873
7713108416
2084758261
6713244617
4682747347
6051938782
0536875178
6452226184
6426230119
7798251793
0867646188
1266760284
0448584768
1765214510
0529375154
1227996643
3268436784
7162650458
4562658883
7465737145
5453642114
1187442853
1482434658
7783442314
8927241287
6642354943
4438107575
6202183413
6408186396
3463178173
9535446321
7189504065
7776964357
9840875933
7862455680
9772337825
5411579574
9137336317
6236485784
0563568582
5055434862
0643100451
4341576206
1507932606
8416827124
5414853189
1858419997
0172551279
7746936336
7440460244
2113145107
3955657227
0725622764
6395347789
6566186401
1253337619
2586175348
2824257567
6458633355
7316335165
2728326443
4223867243
8903548467
5781877052
4874461280
3217599122
6845128281
6074260931
6302728383
8068665476
1859536544
3871448870
3753347355
7226118763
4138750640
3113601164
8732294896
3778672138
9646303127
2326884582
4642112233
8128403160
6566517535
8869510355
8465857213
1062826363
8706461377
1668580718
2005313239
1138925857
5731771167
5134392316
5145586279
0525316276
2635855465
7225111881
5473428683
2256857244
5111486123
6178278931
7827416982
4982231286
2188291787
2814116941
3863851669
4765080496
3932936313
3858571905
9345867352
8624062728
6528441552
3607929715
3176484223
3401801242
3713402871
7882741578
9136499095
2158851473
4906123808
2665646722
0649378717
3185477563
3674134874
0641833116
8634637183
7746774389
5332146761
4627487546
0474576551
2374556457
6789501547
2053707894
7244369271
2371306252
8223632231
5779066254
2892466138
3479482714
5658761533
5521526368
6129103457
4019638133
5503717557
6258553792
7344404027
8944556413
7284643226
6078768765
7083862087
7257625131
5674877162
7653650158
1285713315
4836834186
9137288453
8066286415
4638217149
3768182484
6552284335
8561582376
3545282155
3378981847
8858364142
4479525903
9362225965
1680576577
4490495838
4903404765
3198194506
9236831558
6996552709
1592568273
3763013377
5897141886
6974469630
4752347191
7727645313
3584346895
7510451898
0464561431
3657588512
1683007633
7538425816
5896434546
5881448799
6656163825
6132892277
5492980875
5891117874
3014884136
6790371851
4635421315
1457424774
1422762532
7274020598
7878297182
7275739621
4281280626
6169355566
7611834353
9809486715
1726216497
1576875314
0216144871
7269784497
3254723613
7608146728
6873741531
7421744646
6665296955
5327541165
5097727618
5472816337
8641564866
4721851605
3644561424
7474781312
0702248238
8335666774
6122553818
3174570906
5742868758
8603714363
3867338566
3366585834
0230448407
8254984115
0894993718
0352531317
8140318344
8075858149
2819650187
3427832264
8977146840
2868224679
3474852873
8613917499
2872181935
1856146833
1550116282
2448394066
4867425390
8824563881
1821161421
6908740662
7334118227
4234500261
8711789055
9064780436
3870427012
3574846884
5289488861
8043852852
3944591066
5838578815
9317873322
5812085760
9760413257
9162471381
3811262245
8741833723
1267626085
1288834798
7858773145
1621980235
8161219226
5965577121
1189641254
0872268723
5816963492
6646933578
3611636695
9843724772
8546342287
8683806738
3724755292
5378082707
4369244345
5778377859
7553667380
4743370626
1688865037
5536477215
7308745718
5836735584
3474223617
2605726534
4873363821
0103228438
9353218913
2237212066
7403138272
4373245246
6813658942
9783843425
8751481372
9221151636
1248881144
2721725057
3223458628
2140161936
2906311764
1345149680
5321543178
1552533315
2955627810
5973872506
7378327531
2977133218
0449593418
8363917478
3410646222
7061761524
7854467888
2716441985
3135462667
3381805333
6312320932
8013753556
2383661757
4463297117
7488073623
6671072425
6163864253
4618133322
7347882318
9561272164
3463777658
0661111627
5574675892
5279555215
8191571117
5104128664
3154634845
6670737517
0631022078
7182574354
3137015959
7238302669
2308061512
0715340252
4887816152
5146452150
6731362361
8352452027
8520664747
0714639797
2493021458
5058784282
9724512726
4334132420
1735458778
8117756634
4646538482
8541689693
4913674511
6319536920
1313833106
1177644457
2197938112
2258756328
2627857488
6792063445
0227472873
4824718075
3377824145
8966613827
9072718524
8377776218
4447789767
0444564724
7815015404
7642378231
9671785795
8038710134
8789244342
3659172441
7728837333
9633747162
5495568556
8537923255
3232402462
0727633241
2883490036
1814441745
8363072079
2292811538
3881272486
7644532673
5097710138
5395371225
7831360514
7896276796
3615877784
5736363598
6361723447
7206250670
3628014957
8421581129
0323737170
1670460828
4457677684
8256825776
7122236836
0565678778
8254258654
4827551852
2597508276
5035513817
4687557087
3230578257
6518575883
1079139432
8924524723
4873594136
2357204249
5218147674
0215033277
4857132331
8681395373
4141833483
1169685585
6243208384
8625856633
8802553084
8571651877
1425572039
2421123514
2352484159
1761555416
8772661448
6312740785
1825510348
3125982263
3720725321
9426886571
4442614386
6644899311
1935847461
6164580721
4102846724
4482698486
5233234244
5144835005
6786787886
6473718063
1623737461
2360689765
3685434616
2127504101
0621307781
3855618962
1234654186
7716659454
3822153315
3566129333
8482768875
1286317311
2572775537
1625077757
3486679575
3262351543
0758166487
4326957447
3264505709
5675322713
6801823595
6232428250
3544671612
2321841181
8848544788
4376749708
7114523689
4526173605
6002383226
6575547150
9804187750
4711723738
6761079797
7745348208
9092429342
7422135312
9664926767
5950015213
3951376106
6318698003
7785587313
8115371213
2514170625
2330629066
6273154118
8251154557
0237923416
3810389807
0892527832
1761309756
4731326701
7132771161
5574838126
8752624557
8219445346
7371996655
4526221598
0384593887
3537271141
9948817552
2132580860
8150067044
