400
4
4528417465
9045186640
5378566286
9979853965
8602736588
1676852551
2215071559
7368452528
1912391273
8925155564
4826744307
5058878731
4203513486
6212722546
8557284677
1833107436
3279783326
6496190685
8784142277
1202444576
2741443491
4787823224
8523377750
1213852118
5275632138
5631038116
7314311374
4186013236
4223281161
0531750467
0072180391
9237746542
5471862378
1273346407
1081192924
5525714806
2232558147
6735894588
5254986944
3189817152
3775866962
4431132277
3933225239
5131666838
3548080414
1617124558
5425443891
2833261268
8966753988
6436905234
0713450176
7264373276
9958270791
2408618093
6638807282
7257719932
4879822814
4447494415
4614322388
4125636201
0187875175
5995482156
2417483704
7153763151
2618480421
7537481798
8224270616
1451841714
8622616776
5258421068
8820831678
3658711809
5427931111
6172618044
4365526236
5603878285
1335861344
9503151224
1950854452
4326474173
3053930552
9878466593
1711481472
2767743177
7981501166
5413468544
1428276912
3611722444
6689198170
3453778400
5121878016
4703126442
5685920343
2572767114
7112403503
3851791891
7958361766
4773570832
5198764211
3868074384
6346168527
4385491118
3471715766
7588551947
8407540692
4335207636
7233511368
6252654589
0564666614
3353280393
6560271799
3361877256
2784564068
8573777481
8775442728
7413515571
6888748416
5938932642
6168675432
6424388115
7622111074
4208776367
2163897712
6841693477
2385735038
3654996616
1154191247
2674624127
8640023844
8717061752
1494871515
8195786076
1550733835
4944774545
4833451887
3183315413
3838223552
6877684926
4768253434
7624900088
4654850643
6354321342
5484858848
9662013120
1388517166
7447118132
4370431782
8837526559
5388233825
5471867583
8446671738
4327738752
2236684674
4850407508
6976627972
9573277832
4032046196
5441777754
8766553194
8446889126
8819911412
3151702375
1654802574
0208242616
4252804230
7231373071
7548909461
5383245481
6912731960
9477843674
4618448755
4968383638
5613401883
3461739626
5130888459
1460843347
9779263826
4101468416
1758584556
8598448345
3479147275
7281214515
3222464596
2685887220
6581062231
5903221353
5231642335
6317165544
8431825981
4841061636
7288966271
2233949118
7240781674
4724226574
2905736424
7432249162
7279941101
5486132887
5987485467
5215572597
1640815192
8445617455
5510430750
4450031685
8146461845
5231763158
2321835147
5464773676
1289767777
6752888888
3173742491
5392242935
8413783018
0922668784
5575474138
3634837861
2576334852
0743746654
7880985202
7724116768
8767257674
6082266704
6163939321
0293253476
0814326728
2081711380
5756449134
4545839384
4739007486
3256128781
4505889514
4044765351
4414837204
5858121150
6837071780
2444066553
3904250787
0478121864
3348625646
4172561284
7376982595
8747073890
1159218165
7129412166
2638664731
1911305936
3961748916
4294099275
1344621471
7876822799
4252986164
5130934664
2645707926
5526412466
2343358971
8119347123
7875995128
5758714170
7283853883
7474236636
5770553864
5172143767
3654064877
5695035916
5549294062
7674554731
2440546692
8195345412
1328961041
2467237714
2569441218
4755852252
7315884434
5243996497
8731193144
7072277615
0341823222
1831252432
7140884851
4789454794
6858431512
6754954141
2652157133
6518615414
8706839875
7317815687
1885753105
1792273581
2660237369
4473806327
3758997683
1390247233
6715898173
2877451572
9508831193
0718673891
6049345189
5347380460
6058642005
2833725865
1447157681
5691352464
1853036381
3398678369
7961205449
3521541818
3786847635
1633632733
2065809139
7691241526
2322096028
8915161221
2738223860
7238372845
2660271423
7256132756
4112013237
9880575783
5577917245
6433427257
2886620605
4722943570
8226121168
8231894747
3036548139
6516337556
2853433852
6254907977
6842295571
3444695171
7438788717
4595975292
5155954212
6792151763
5535350207
6872172574
6566388274
8517376112
3385352893
5065529428
3606653877
3337391813
7014075116
5837373126
2626271029
8681043538
5762663876
5364777865
6639111330
7264344463
0182783666
0386476930
3588679874
1351038876
5738680112
8298696574
0146927463
1820237677
5640525394
4837033111
3271878859
2822754674
1892113138
5541543977
5121847251
5759181651
3222892009
6417676231
4374466195
1272837332
6246462546
1554223853
1056510433
4045831013
8119754212
2851833345
3485686541
8158624896
2455437527
4246043382
4069651109
1712032408
3953736014
3665735406
6385271283
8255967225
3702495644
3485546061
8455343249
4832121175
6097480262
1126674420
1170181735
2932645865
7094086258
5655513288
4278852736
4866311660
2824156784
5195784570
