100
4
9846385749
0966428912
8665029804
4745751169
3213339676
6715827193
0736186887
6877617757
2447726262
9749319668
0391546824
8077324694
4154218196
9703536393
0793374195
1186977781
2874341455
2854775116
8461058772
6272241528
3473617490
0768454438
7888744203
8333429378
2137055656
7898298032
5290416735
3277706358
5478548377
8185021877
7663224463
0751484746
9365747680
0530713370
4632898465
2300977811
5011716164
5312511531
5329427309
4559261413
5024140966
6794844837
9786224547
0679313661
9583738126
6786762274
6395958228
6947603117
6593254403
9576714187
3871687953
3982222346
8614944979
2407851741
2711748828
2694246435
4167086041
4789722841
0078722872
5110863622
4327498825
3641453653
4171484316
6793183571
6006888738
6515641657
7871499617
4321166453
4172431975
8646318196
7653168753
5325074991
8077174275
7132615100
2565537159
3573686888
6541345786
9421238092
4475563925
4509156626
1368047136
5087073712
4854764486
1215820148
8978363724
6526152527
1755513841
8232558235
8566964694
9553857411
7251417579
1691416312
2631681435
8621748943
3365693282
3632221156
6805567753
1293781484
5251746034
1603033382
