400
6
8416435566
7303154744
3459546258
5008058721
3377347722
4958506697
4230075547
5208777216
6764452368
1923108172
1727024463
9226924162
4428074639
6210108128
8155948728
5887861868
1572967882
0899586122
2745561745
0959776630
6516274411
7167349658
3634313526
1394641219
5167198138
5378947233
1024292647
8271363854
8887181743
4788812883
2077108932
1180619559
7460924060
0745396132
8360748212
3536678265
2782251756
7672301388
6535718546
3418435366
1333616626
6467211834
5523428573
5438525222
8862553600
6754844812
1171228547
5378812407
1542156678
8582864822
2977516793
1131757129
3737775483
6236833539
5994051854
9460735558
2746168809
6777319637
5428658825
4846297033
9028587637
3712366268
5325079168
7015442541
6721568864
8189011786
5848246236
9925626874
7657321112
6177417430
2662695447
9666416877
8197614881
6781630195
4734735651
2333546771
5751247884
6417647138
8817298934
1512495245
9599568488
8898827501
4888831881
4232225587
2315711960
6351983663
9626756675
2827785177
5844553126
6700542989
7005739831
2075661915
2396310519
1964734800
5647222102
4547426124
5452773798
6040833353
0332282719
5526482733
1514516378
1143632511
0478973244
5484259629
6631337982
3374078668
1173211803
7751678758
7376035672
5941968940
9395826218
8543604828
7162976222
4481629397
7325587447
4476595949
4718699834
8632720195
5853980010
6215901119
6233900464
6721436481
1456115376
4313517380
2605962059
0817508409
4068705544
4288541077
7843375511
9836561282
2237412446
4663984325
4838854317
7245737435
5451668760
7010570043
1122870162
3851649758
7848872252
6118483875
4784374182
1184358911
1838097432
7579209896
6567851703
9801467723
2298483651
3670781558
4566195358
8464130317
6782493644
1323224216
5194825428
0838025011
2381162242
8297457976
9165872719
3816327637
4363836584
8567215759
8966686981
4043513702
6541993833
2522352232
0363420036
1841281035
1642174581
0307252859
7912629652
4263288117
6983167131
5563188104
5069225898
5114723712
5353043336
4948043612
8012567719
9236519414
2696542182
6565565726
2759466415
3262361098
4073115634
2743211540
3046432720
1623819274
6666915577
6836184085
4358218580
5127902264
8827422574
6352402412
8282835131
6765233771
2766480406
3655214126
0702542785
6238628662
5276291228
2336636666
3134344632
1661137771
3882613639
7812177092
2321330311
9210378631
7054132737
2528338753
4342681681
5381571321
5528114280
6427678514
9221637823
8387846416
8563192553
9024717176
8764912963
3643573214
5312181886
7964836128
4513311740
6379448332
2363935012
2804708442
6772875826
8442783767
6767066241
4204534228
2468251533
3628431385
6479194185
1414337388
7781546434
6711949383
0662657635
3871389874
4589360577
8484417261
4576151793
7758642252
3095395874
7056817613
1335828861
1925312880
5380232591
8489221416
2593072463
2352898669
4102412341
4947850685
5277616285
3350389728
7383538828
4284537039
2478825442
0156131779
0857722165
8557215302
6777044156
4337560282
0645132147
5183374056
6282461688
4317978888
2472182287
7593937685
7188537111
7877707743
7311417158
7554163312
7185919664
5884352914
7327312000
4447266222
8823755181
7734327188
8517212928
3036032330
7104333323
4665428146
4487184442
0580747276
4968667184
8571432504
6966398766
1672438781
5392021510
7988931181
8848427663
2193374468
6975681762
0882532511
4541120646
2485749346
2572135521
1796454204
8286314793
6247552036
0985078081
6879419128
6284514051
7565857562
2736749647
2419316547
9265362063
4871845466
3703651538
7567797611
4667297395
6439036626
6825757254
7708910888
1411011239
8443726641
9594885245
4258589788
6674834201
4106924747
3684168367
7961339884
9267087635
3493101895
3622296274
4698264153
6147582479
4003284638
6638665312
4117067774
5135622721
2372133618
9244347613
3488412347
5170796710
8143384340
1770128823
4347082323
8655030887
3143676193
6980163764
7435632314
4718202835
2283278263
4964317215
4137206849
6643355991
9458533251
0597571368
2741317659
7118033177
5189681155
7393427400
7649575483
1409146543
4086662243
3863603883
7395811845
1520223735
8213820827
5970488147
2414868061
0793226173
9611917046
2411129150
0363579407
8154761443
5995596673
7431237680
3364759590
1193558842
6753056315
1210230985
5878470327
4789148672
2728416571
2745736806
5561668219
2343755768
3515834757
7574861785
8661083138
4737640643
8665794517
4444746374
4012393346
8777324791
9527308643
7663566212
8122425569
1971855625
5531503764
1416516862
6737289812
4974379535
2738974034
5151884483
7902573475
1928676015
2262977060
7595388717
2084663291
