800
6
5115512580
3453636841
2741125489
8808722544
2818233135
2111637780
5505252186
8948566916
7762577755
1856761702
1580337911
7748748465
9626661148
6628388818
8286913007
4661330466
0283875576
1196924491
6451757138
8066926564
8628475587
8871737158
8836435958
2220526889
8788122481
5333171071
9288633232
1552113760
8125340408
5347934318
8771907212
3338300036
3401059221
3826765336
3526227533
1881080863
5741251325
5181681636
2561844722
3444551922
3894816687
2393774733
0124317692
2652696105
1734663659
8261785879
3896501912
6844011355
0872872624
1276923024
8460866284
0713792551
2451209268
8532836056
4592255432
5644688609
5220438250
5428164778
1307362862
6178543266
1519281162
5337480584
2462207716
0162310133
2210621585
2344372203
5304027880
8631164584
4902218507
1348232235
7887438742
5490564286
4574760194
8209583754
7656811494
3557813752
9743822377
1685588938
8112188812
6785582303
2429760603
9467294740
0847368304
3246761069
1247848748
6223067643
5161252546
5837777022
1680443034
1241455555
8538376637
6453310671
4983787333
1646400047
0087572690
0024542533
8960486216
5904163678
6333418685
8388224318
2601513416
5327246573
2685788325
7642480831
3145547321
7464022641
2683798812
7477388262
8294331525
3273820699
4494364460
3354818238
4224471526
0166753359
0053262011
3435204574
1465814019
6132796816
3568522571
2821561733
4448477260
3319632511
4453473184
1577673360
8855758274
8722688377
3872738678
3870328517
7883325770
7941586850
6861511583
1651038244
7699647803
0863884335
5388913196
6134162184
3177003854
6847972326
3168381498
3639079137
2194057471
8516344305
6166174228
8806316569
4329868350
5657130572
2669722288
0662456444
9362862845
8362484476
1173291558
2768129163
5248232147
2254451144
3307756178
7412838384
3281284852
5751644009
4628482121
7881826843
1332406022
6170373226
2843687505
0017307564
7228076887
4344474858
9436792906
1526987082
6142591755
6625740648
2818126762
1137279273
7452847761
4487116444
5937667148
2343627344
5486904486
5707834787
3192812505
2025177368
3287461288
4637364610
9888536126
8954941058
4312218581
6869804855
2678572613
6618619595
4551800514
7174610437
2984577736
3228624552
2624821080
5536394796
2023951589
8916457262
6186314459
4818115741
6587526376
7881630642
8651773535
4445461052
2463741534
4237255073
8171339841
4719750772
4962014268
6710996672
5158446361
3185974652
5242018838
2884039631
8034846354
4274313108
4272604225
8673723529
5345527627
8261039518
6156681573
6233931776
3324826654
4631694551
7567326302
1469382657
8340844448
1374265156
6522973139
7611656254
7755522232
8941531431
1375033593
6180975781
4806367457
6123430188
6712554631
6280552045
8542649136
2711675682
3465158524
7373442608
5866232952
4618878868
9787462995
2915172546
8060373136
8287623957
5321243441
9792278618
3243462804
0307663748
8237354328
2541351504
3532363552
2581525386
5537226810
3244887050
7123588719
8878445498
8017864370
4961161048
4888543015
6842808190
0778388892
8454552184
8656557652
0186173971
2428758577
0684313751
2621664506
7532235673
6154862174
6868531535
7638156969
0216365367
1971847287
1822616349
7619770865
2360816445
4826195243
3856413276
2327469730
5983738350
7761374181
5781984274
2235846155
9628449751
5763015242
2312593977
5859447235
3540734141
4983615524
7706603653
3834775966
2328807567
6230764989
5615837967
1651357683
9716626218
5972281185
6316792510
1597574873
6646564907
6824328845
7531371202
6376627651
8926117893
4718175237
4216448155
8728201538
7568829685
7657812568
0334535275
7969857724
8183211643
9563863375
4491621748
4942188624
9042882416
2777303442
5430169136
0223876843
3885688221
4165747677
6335214836
5173448611
6041074884
5168751635
2012143813
1637386628
2766235258
6507880157
1430257207
2255133812
3562972211
1769842473
8974354055
2558844341
7166714635
7529810598
3885527152
6237743257
3472311587
1818822158
9563626661
6257683215
6385674083
8952517121
7666639218
3312691724
5629877276
7527074610
2367885195
2135315250
6948854836
0566211432
5275611851
8379358175
6782442161
7287173762
1684433948
3669962814
4792117338
5519702785
8547936549
4551647972
7632542913
1834925572
6397578483
1384151891
8703850975
1776643252
3762304774
4953887885
5762487133
3377148313
5759782558
5087637666
4442783715
8733935929
2131572167
0237881738
1762330502
2883676383
3435508425
8164686988
8294484331
2982317525
5333146338
8341069279
1769353179
4967334608
2635525252
4273306524
0508936823
6956754540
7141864887
7232563331
5190676148
4206035125
7876528263
4101346662
5313677561
6573873485
6935972003
4850809624
5734333463
6767421064
8876716535
3691215635
8316449451
3833366188
6033815660
7333148873
1634234694
2770271794
3471321872
5160230235
5876106283
4829538463
9265647505
6274964046
1183164142
8562743714
7571612001
5234955443
8247724104
2682268439
7838262215
4071259367
1973169211
6343322485
0685858286
1723358117
3773555676
4788878723
3181480325
7533136329
2220605765
1432896164
6752092658
6839873663
4550314162
4255235336
8458676577
4491804354
4415180214
5773277187
0693388731
0346728589
5816101212
7511511689
4798126226
4432351726
6123389266
5973728318
2659216361
6266822829
4257481657
7412202864
6744768614
2125375415
7115361815
7078450868
3822735698
1454406776
3243977708
7363332427
5299483811
7005187857
5635541174
1824257822
5236143591
2588136256
3850067457
6622935447
9757722824
4775150576
0208994128
0552382383
1819187572
7782752570
7083398333
2683481297
1586491114
2340330432
9082218147
8918916546
3638985358
1926228163
5158673925
3747307453
8817451154
5804433445
3968571572
5977671547
4831340727
5178532676
4056216532
4490354451
5714499444
8635270123
4018801230
8152837126
8810613141
2575675144
1423382761
4809153243
0281699755
1830545305
8649273366
7741884778
7089611833
0555231233
3834304807
4315801066
3472725536
2941222747
6524494797
9677386453
9554675621
2033539813
2742578719
6389307274
8038871505
4314547872
1326184793
2331474873
4657732304
3433081381
5061746529
2756211522
2634202112
0666609698
1555578512
1325586550
1705441358
2030185151
5194312721
8650668712
2919943555
6816663566
3341264374
5227562844
6648718288
1113742221
7735186895
7270278547
2022961962
6437558090
9758815466
4417013291
1276148434
9804424541
2252793207
6227451881
6738301491
5402284402
1853241170
2614361571
8543742221
4615256222
6965411987
1998241825
1750210348
3404828946
5793438294
4274974721
3827719898
1725813641
4412398865
4448433416
7627641802
8319830174
4687576735
6789966565
7348811872
9514528337
5951382685
8754241934
1415385570
1831814425
4675471512
3446273422
1639064588
4544368351
7676026819
7164584852
5614825052
4168317981
6295561416
6214707286
8148683546
0600180003
0053614168
1927474141
7376481721
0181455424
7519863735
4115288611
3334837718
2481480858
5356603886
4629782670
7037113082
2285688669
2250866471
1817926876
5329417040
8222621827
7237685275
4725446251
3515243615
0951875174
3380337357
3816076436
5071806335
3432320762
4737886381
6225744222
9773515965
3212045424
9617995955
9674246678
8821246973
6788713771
2231141774
6753855829
6596447351
7835180574
0436943245
1858037985
8626629312
8014790187
2242887018
8898033157
5108673026
4471887240
7629941792
7163180867
5224891128
7142333184
6300538615
6973876777
0324738559
5559345576
2558725335
3282042798
8414841435
8545514078
1745791589
3758141522
4243783037
7380747171
5624785878
7421251422
6936817271
9382462858
2783661133
1016553172
2537747392
3925332461
7321071230
9618176851
5573757641
4157217816
5074210303
5881561776
2481981118
6721103232
5574623716
1777835953
6722744277
3571512053
4107844265
3717590989
6245022665
5715551573
5259331465
0481104731
6511735124
3576712425
1133638284
9968113877
8786247123
3099716583
6326625138
2207174772
3413587015
1714558669
3551266546
4486913802
0847145950
8336528127
7675954206
5746205175
0132284113
2016113286
4213652137
4655516530
6711331625
1054166772
8584151276
3548165719
7764405479
9653289610
3658845022
8628106813
5825781612
1733168674
2606716567
5767334016
4401811630
5125044441
7818133273
3238241749
4355615735
7701984682
7325465898
6462337178
5275160411
0124382585
7875788018
8406448386
6684217827
0629924413
3359625355
6146285154
1365667343
7768300736
8216660667
8118511532
1365518477
5574849382
4772864165
8747221057
1467710044
6635905337
4215208896
7621148419
7271974282
3372754636
8163113517
3758789514
0855129756
6196674595
2011438630
1781146888
5184531278
7234108333
3547865157
8353227138
4854618525
6281566176
8544861121
0389578264
1334539268
5642233438
8163148210
6844364968
6685055940
4692430184
1571826823
2319675170
0064077924
7173226339
4462744183
7578121526
1190454666
8588536550
5568862495
5544616549
0835865111
4847011805
6437634218
1087099066
6467151017
2028658320
8584211013
4624614007
1764833863
7855842134
3524757173
1888652194
5673704337
7411364753
7066122981
3598534959
5571882325
7738635584
7094680509
9455222843
4217026511
0971291520
3852267277
7012441824
8365364129
5278706448
1631632346
4724451607
7537803863
