800
3
2191815473
6624121149
7858730005
4382384717
5322554570
7123221420
4865333762
5492623514
2764416758
4655381233
3288237323
0626562205
6137115884
3402987293
3241823157
5348923510
3726234603
0124113703
2798420863
4484170173
3337338742
0024520998
1039131976
6362757326
4732871362
2667634078
6356756049
5964273530
7614996276
6380193694
7561371337
5562243055
3571035973
3177284945
3826505485
2616323855
8744897923
5667067489
5038324865
4813510945
1684572561
5794846124
6467107327
6802197126
7046696774
7464031128
4115723825
3163272785
8606322964
3252285600
7442123817
2932936826
7459516832
6695779543
4478856644
8843734611
5261314111
2388181876
7176245058
2365671372
1562018157
5568663536
2225478955
5734167067
0042829637
6614866103
8976170498
6581143033
4016618554
7496838275
3201364571
6233542503
7387046069
7829756787
9445154379
5617271832
7185626354
3076519212
2066586363
2962303155
7846611944
7820625945
1174173364
6207799591
6436485662
1931979686
7332888545
1825384274
1549158550
6675638715
3524403183
3237384454
6716955152
2153801415
6687588041
2222473732
6114849520
7817159119
9573245560
8986512948
7706352166
5360034945
5998151335
3218814557
3711341246
6575896681
6164865455
9816409145
4151222485
7131323432
5262375628
4266438024
1018446471
1028255179
6881115755
7235990553
4644101526
6120892166
2291444345
3432263542
3660439316
2512367831
1543211271
2650733711
1774577197
8769285473
8744064768
7717353576
2259768594
4879101447
9073822658
3682583634
2735892942
5403870435
2240172585
6147896786
2461042374
7530271600
5629419487
5035786401
6737955124
4541527888
6635067414
8016486828
2462337111
2723002556
1852741952
4571324115
4124164075
5107320363
3155768161
9157863791
8521469442
2116124935
8445110356
3415720561
6811122856
4677834268
5956856762
9438421350
8441156344
9428766242
7272606857
1193194427
7341816315
0855658576
8618641726
6566986426
8721871713
8418550113
4914769027
7676133745
3425446965
6189147523
6678124933
3635722346
6253662377
9636015117
5148140241
5847113510
7174161248
4811481749
3435474451
8872128741
8785852932
6754578743
2095458885
9635834196
5381431235
6497123537
4752562728
2208451077
4818438413
5248974142
2161389282
6173118236
2799325968
4837504851
4527846676
5629451177
7292933537
1986736798
5617474696
4023424870
5882976878
9806455272
5162414681
5813228188
4917548773
7323488513
3434768588
3607774724
4347233328
7455625271
8519625735
6813852418
9882056074
2833861687
2263531234
4647858835
9377516723
5842342571
4712566681
3819252551
7506372675
8756783555
7583684384
0464258086
5730288112
8554638534
9582683879
3253516936
2855107465
2962465744
6618787517
6142910707
9517796517
1117438031
7700256726
7471388734
4348883127
3676528572
1150572747
2216474142
2693254916
3172559902
4068679716
7248984467
8554693439
8711249031
7694888494
5574475993
8158601410
5825286183
8977367244
6484353117
5286566684
4994581034
2193528181
4841864511
2476453247
5345562265
1216936373
2726689720
2934159443
2482236629
8865061102
6757788482
7086899594
6419269592
8826727154
8301313340
5003218282
7372557162
5945489791
1137122377
7154427936
6671732091
3574587959
8727205640
9815101885
8316256435
1985692582
7417497865
8239628586
8119364446
1556225011
7958197469
1797439714
2396591556
3148738332
7578792133
3733168218
6806619142
7544835527
7061233577
2852675544
4892867550
4219335804
5272410706
5698643965
3357464474
7313579855
3520236143
3462611738
1777732861
3887747002
3214147284
2308467125
1807772955
6467676355
8966853504
1902368685
1745556801
4324861429
7539436568
4416353233
2222769298
5674558411
7466973686
8466709449
3407476388
9330323729
7565297708
3422277113
0339245264
8247255725
4485260547
3705456875
9129255434
1482479363
7546936746
2203825141
2789736559
9288719329
1615646918
6162202848
4654796975
8804707687
4697181803
4476012247
7222831973
5392924250
9382462859
3434840290
6351165587
3651414253
2668822412
3158396599
9736439728
0077592852
3801822816
0599257232
4749152961
4711338647
0632191007
9716938445
6225242420
1821453494
8165893722
6130466789
0696520071
7514635585
7731362478
4627351923
2672777134
0889336565
2127672559
4376464523
1466665131
3372652716
5886018465
8581968847
7962102519
3549353482
0267987182
3180885165
7565546774
8724792175
4301598124
7215488619
7960746217
5025887331
1834375853
3298248857
7626380115
6306399482
1428268127
3643158241
6438286710
9966222212
5673531777
4011139725
0596606852
7069001563
7184731847
1452884524
8514818632
6848295013
2227795287
6675123879
2706749116
4271670431
6315911243
6219054688
2302817098
0763553786
3644047603
2019352428
8969546230
7726891880
3815778844
5311646126
4633486609
6057468878
5014537634
2541125795
7616564385
3181613260
8209835371
9461590085
8566387380
1125334537
2311118688
3066732084
0515243159
3468384142
0091636790
7079641080
6689346311
7145782576
3240475264
7277054359
3975093710
5447758029
7051221820
4759082560
1155753311
8652165267
3288730838
7258265617
1908814262
3583241314
8092548464
4859393658
2786361644
6592571142
7963936521
6045005670
1368236278
8456051667
8829969669
7662308150
0609223156
7237304653
7353383856
5447845029
1388633651
7117617403
6424063953
1830789029
5328153047
1856235667
3037874625
8535440239
2337506001
8271741205
4712379768
2931013241
6355103651
3997802881
6132726381
6167559708
2476883645
7876216934
6912165727
4565278756
3811745686
9888357611
0274563438
6178683146
6412547583
1502568926
3844770043
2380577737
3923385254
6189455444
5636836408
1136267849
1333527811
6679842237
1034237155
2853418473
6172287061
6242767522
7743843545
5567327714
2413791774
5467278834
0825378887
1335669755
6526333506
0659985494
2748817152
4855954132
2843388438
5318241876
6718290221
2352637088
4881333577
7656564107
8662518364
6119767258
9818154658
5796929537
4611402829
8573126417
4926714882
2828873562
6401735232
8346224311
5820627913
0438666363
2298556521
6351168623
2215567627
4669483748
2576116226
9280832529
5569565242
4457555172
4462582821
6793769193
2436774524
4661383780
6639737223
5422882844
0118675873
4551652934
4967762505
4987972372
8845854576
7616871449
9553513846
8826457166
5367718993
6187111255
3852804353
3834541349
9416531837
1476512028
0580358216
4984886664
1222631739
6643627031
5666679185
0379252175
3776531814
9653677461
4127560877
0690343835
4101422617
9471449441
1282182852
3776808791
3500476832
7068127194
4864887082
8554714583
3130738662
2491418769
3231628633
3159735542
4237145123
3412517974
3675783833
2105653317
1916263264
3023426911
2698239653
7833505164
4032718783
6481633565
7789641042
3691099470
2613134957
2275187562
9986260628
4291856351
9833733618
3617495241
8162564287
5636117760
2208430277
4348774465
0519838704
5385609243
1459124565
7878387574
2058439545
6176853622
6412374828
4633285736
5242620178
0259560625
2613037268
7756154354
1076144862
1282984978
1128264537
5778437521
2882317183
4883197413
2588615454
8002518555
3223515858
0037932165
3163477560
3342883866
2391190445
2458531869
8637161168
6809134985
2749381763
0429165428
0190997665
4112832518
4793953201
2174539221
6165811185
7396567887
5243536861
0971327430
0425928835
8355275201
4738391617
4319722884
2647175763
8848461616
5779891843
4581772811
7933291182
7897617572
4264664411
1885877085
3706549324
3551677175
3681615921
5917164777
1652042283
7266307530
5215053637
1058595531
7210996167
4000150269
6831170783
8921461209
7317537746
7572414468
2527313803
1086229489
6006374763
2356482935
7108253927
5388116753
7384241287
0259123762
1394459558
4174756678
0527175741
4307897349
8366015651
9726146786
2610644450
9815308362
7848406523
5384714209
6097165255
4162038637
1829444557
8652823043
3848763178
3802419086
3744711819
9859151725
7466908423
6891667356
4475677279
6148654175
4162208224
2572693158
3984336143
7540321216
6551216818
9268986824
2052334825
0152965514
5712418872
9728268026
6400436269
3348322881
1846348883
7668268132
7154201857
7584786248
6592706589
0973035310
3547781548
7335620739
7867589644
5185022535
9540112483
6960477523
7456866564
3260208872
8758177143
4222677484
4125125708
0174136745
7121158657
6659212773
3397523124
7372733462
9196141107
8765357683
6344115549
1430332234
8927918550
0345429063
5971020616
5687210291
8290816333
7132251423
4131461497
1923285578
8428826498
7823574111
2318246656
4208619617
5165759616
4701850225
4641391482
8562367733
9787484803
3053286130
7532418245
3618910654
9435716413
7166322502
5830257312
4240076454
3926808471
9421796771
9066147173
7353357646
7216472769
7615829695
9717792588
6354498893
5583086215
5687062833
5361616338
8246561483
6650543063
7672980628
5673430535
2971666644
2149567531
0171342712
2312970493
4423466898
8773637543
6715232033
6206358422
2782385013
5583862861
1895213846
5865880887
5263925617
8497155682
1454124978
8398144362
8653366108
8763957162
4515447683
2588676987
8882516219
0624010556
2677491721
5035466764
9150359221
7821651171
3681866906
7641373177
7774322854
6132747952
7058271350
4516718772
8412207682
2522722786
