400
3
2677125977
4163028360
8582088227
7533132334
5572770735
3309402712
1784565471
5434262443
7582938863
2417796424
2214873699
8795463366
6521435322
7138438315
6666873370
2447776322
1593977814
6122476877
2523784718
2698324113
0338748198
8220664116
6865287516
2536242114
0972186797
1224513534
5161046170
1461063237
3167258543
2708721940
3382849517
7648804158
8727938913
4022247512
2535244866
5886679645
6317763417
8925263263
4929848510
1265880614
4830768314
2991478625
7787127594
1257276995
8028594413
1731453838
1241516347
7547012587
3273442507
5319386765
3971177667
2202828914
1333351792
5235769397
8488892521
7314674800
3287545601
3333455785
5360642528
6134704850
9374769352
9359427497
4382572489
3172527067
8221269811
8080846171
5322532548
8957536626
4021863834
7528557236
8844486287
1087707861
5262627308
5823437697
2196372264
8733176541
1110466383
5868930299
4280542260
6777724592
0334758119
6867154734
7634825717
6681141966
1324789643
8055842150
0117255285
8114466153
0230833351
8243230623
2642158193
1414890878
3154517234
2884574127
0488575323
8356349678
6811653328
1610596966
2574521268
6852217121
7652526773
6985644378
7287788743
6586291927
5845153258
2370617667
3823258868
6953073747
8657782292
1510861658
3461492741
8631390785
2205337369
3380132279
9863242063
2426471294
7384698274
6141533800
6756316306
5272535936
8938649907
8854082637
6127061634
3818451432
0387846071
9122842655
3710573451
7312007023
6342352785
1400822576
5617085368
7415660514
5561178122
3291237185
4534326876
7649421737
5822222534
1347845584
4102636658
4125382093
2005419320
2972378782
2853591488
3648047442
7459588627
8272410464
3955865468
5881945874
3377234612
7974304334
0366767568
9171898917
7478394713
3874288631
1642824222
7521514838
9261366174
5796382287
5854587217
7252892808
2258432037
8063375984
2888149881
0676574577
2724254328
5977380744
6234214246
2489011296
8272728816
2445061536
4512115464
0123303827
1420205846
6707525038
1463178036
4315414610
3036136957
6882424635
1688802526
5668550242
1363749425
8401743308
7324775256
5546578531
5734540236
1920133645
5239158758
7942144824
4467894423
8284016745
9237416672
5425786345
0274240551
4858482795
8256813605
4231658556
8487733739
4235563014
2079908373
1298738650
5822954051
0288744362
2354206473
9356732033
5960264152
1287136115
9861867625
1452513279
2467519486
2756242033
5225324164
8643785934
2183387125
7267231705
1806236374
6332725862
2722320276
2277712387
6665117132
6379579834
3232260709
8045180473
3144319551
5130327282
4681141857
6635116713
7242176510
0224551324
2563314178
7318124207
3341596073
9328130845
9280291765
2768925275
7477716578
6373122851
1025858281
6154351628
6879091618
5523295825
5458446001
3521195857
6575583146
9533674688
2885576196
0334788028
1245565362
2245338882
3389442252
5389281229
1047060456
8489177457
4360944855
1522341920
1620189795
2363342877
3473122143
6577992154
8144274251
7487107285
0491667165
3211734344
7438842204
4757103852
6704828287
1295942573
2308559446
3607510568
5526279855
7164644286
6571957972
2803872159
2382679847
5746368425
7918376314
5941835967
8532095455
1564847570
8178776858
7803381747
3744243809
7836657647
9358545382
2630679605
1662675831
2185143423
4481562255
1657663319
8563334496
6638663185
3825548893
4223682403
1957973282
4256112210
3251156557
4180740233
9946255264
4199326378
5770421495
9350720005
2497621741
7173368676
3451946927
0282697465
6827232539
8847843378
0892148351
3785263758
8401353731
9727533482
7667368574
6858833553
2728488631
0643475698
9466461868
1615124921
7136314385
9860869072
0734264377
9576072283
8211555448
4496772855
6782894555
5577378751
2134808026
9448381221
2908563307
5116025080
1815076126
2433881087
3576326555
8561642234
1167626842
8583246402
3233789163
1728903803
4297643583
9573814278
4684523823
9786531752
7983771621
3971143735
8302090480
5280227227
3779882872
1579228900
9767543777
1329205369
6795752374
1281165871
6106231695
4625555302
5460652054
5043611877
5751026477
5272676559
2171238761
3803362862
5484276119
9035631482
7609815555
3670965653
0609337008
8981469174
0911332770
2851106748
8534235073
3544354283
6345805555
4829203799
4357198353
5838584357
4292581265
2864942039
1923156171
8318255783
3324122451
4265330154
1898199867
3116550484
6312882623
6416171575
4512768994
6628413535
0426677565
4016304814
6325115026
6447322787
8338341167
6538476565
1276817244
8471365286
5096746683
6274723712
8801585225
3423141979
8322437616
4275993745
5901202115
3146283702
