200
3
7797695868
2767164533
0070464151
8523978871
6653771751
8655579453
4721288876
3625845351
5662763132
6501574987
7640814992
3881468446
3563195815
4822475162
6683956332
4026928371
1561415325
8241381955
3654211921
4922119452
1556374879
6075142167
6522699273
1224888251
8265155688
3712815687
5780163478
5766913291
2478320644
5685422448
4557434225
4428901547
2229623882
7068072773
5285222423
1289440435
3330168456
2318757837
7302984324
4483580022
2398175680
8675225725
3439559227
8549767819
3827710626
3658038472
8792864601
7358612381
0147225328
3315751847
8631614571
8813756663
4625657372
6724786111
7665323681
4387717584
5498474536
6831093419
8477588186
2675059588
6973481033
1321347372
8296428755
2761712144
8763383386
5837295438
7689479116
1126166787
1337626172
5488382146
2518956389
5104078035
5337872456
5269033804
2718812405
1436928494
4680383001
2342405817
1212020526
0237048261
7307752272
1234345576
0252464655
6546441722
1288517371
6746540276
7658396277
7368184750
0532512771
1520138182
8612520309
7856473038
0729461937
3396286892
8391523874
7673680856
2311689282
5020314602
2207427515
9843842483
1591435203
5160217307
6417768068
8216882581
8259850267
6635860861
5054415191
5706763318
6257133938
6366508886
2028169236
4418749696
8339360688
6504113397
7160154402
1310573554
7150939634
5377964344
3836194434
4575578674
5524643113
1275261094
2974057138
2754445363
9446880177
2425032724
4877509984
3686759737
2403024438
5715465869
6180328425
9635464793
5721458108
5085978278
3306103990
5336663133
7457422381
5268564697
7209539006
1665773861
2623315736
6485149901
3159140096
7724587651
1842247455
5589214512
2783114251
7078853633
5985293755
0453710845
9020101220
8876347684
5238144567
8361232666
0325545452
7557581546
7193635874
6813158311
6814387247
5344267701
1778115258
8720633565
6965368395
8675483391
5734518376
7573084398
9464386931
9976787811
0282275728
8752210112
5894610061
8177112348
7071687843
0558527178
3372177878
5174459840
7237298185
1672515147
1326356538
7445238867
2797229240
1431218435
6888507899
5532348043
7390255703
5687726293
6817531449
6254483625
8785645947
8047312960
2458748339
2286627898
2825188026
9311553453
8895396354
8266977632
5407422880
6706521417
5301348883
2286212785
