100
3
4495657721
4728447854
7651467120
4521581525
2600717710
0340878657
2121662176
5008187595
9923377668
8866157588
4459873858
1488713181
3275516556
5190582042
1888436582
8457666679
8861847877
6541444620
1165654657
0263587056
2778129761
6582513271
4495932967
9029814541
5757176508
4317074597
6821326461
1585406524
8711618489
3661675126
6242952876
0874543178
7270542517
4027628341
8805011435
4748473502
5820022858
3257861973
7266859147
8395844338
7661734325
9581672608
1622351338
6572006193
1763314815
3238713477
9843411864
2964338615
8821565375
7443282486
5246635582
7069887743
1945863483
5883417744
1457216553
7780410515
2141950678
3582343132
7727373435
3469483954
1375621274
2119491674
1137311671
9461177814
7913735676
3658758530
7339534823
1048222137
5672734369
3227703230
1246716467
2289812951
5715685957
6197816352
5850547414
5825544335
1858716578
4879363154
1711448672
3871648937
9173612479
4331084734
5256473623
0626967784
1241773967
4725602572
6661713892
6783773685
0855471131
3782784721
0577161951
4734529228
7854828134
5703593607
6945811672
7048386987
4325866711
8711263262
4624564468
0840325732
