100
3
1414842376
8746154884
7601402383
2482543387
8471133493
2551448785
5611452730
5521822055
1641328686
7491553315
8121718591
0344438691
7340537732
3943738238
5170594769
2592564471
0368414933
7326248867
9417820416
9451443371
1676733362
7479376606
9670762525
1542113895
9627816364
8263446268
4498637939
4036412931
0670187569
5759092864
0473626676
9127152531
5860927681
6146141552
2037542568
7984806803
6518487692
1734303298
3312835271
3887285118
9532462441
7017224456
6932652578
4496887635
6701820372
5832396674
2376658737
4513689014
1369471821
3518344299
9430176303
7324860431
3046771558
4090588668
4265377357
0867834186
6944715243
6907691077
2631817145
6526264441
8086167775
4461522374
5836273737
1161841210
2876349749
2554357230
3768144381
3913111157
4870612812
8617315845
6088013966
4875135275
1820643884
0711611170
6265538137
9198959321
3340325825
5103398484
9966803130
7040635411
6624642588
8973118524
7137318234
7470989243
1369072922
5573225263
4562282146
2463874241
1108477473
2525947426
3434659254
4497187371
5715282237
4027967278
7784609436
4852159972
4037744215
7340156094
6755728158
8623339568
