200
3
0672454158
5352147552
0632742316
5244220806
5324537142
6858611667
1085697374
1163938006
7778278454
1675849355
3883966816
8475463419
5638235455
6066736547
5425851682
5736557716
8217711247
5312406378
7655214142
6746413777
2753017955
3517865350
5813376665
2056783476
1142338752
8194839772
5676430194
3555191977
3780737785
2287934712
6520172980
2448343800
1457474782
0820702404
8756905507
2525503074
0829955274
3867470271
1431659642
0348138248
8544110410
3855626077
4689472976
1837254295
0586445433
9657357450
9982473994
7822497264
4181684303
4256822181
5882304743
5363316512
8936661615
9773744186
9999033865
8687151474
1536553169
5364581793
0594461522
6323974151
5774684984
3786113693
2663575466
3765682328
0923877149
9819756463
5626671622
2403125716
3344677728
3774845213
8908625527
8938392872
5342755078
7399818729
7411774224
7843162896
7576322994
8633951224
8347780623
6630563731
7808262273
5349388045
5702941720
4636621593
6779441348
7613133868
5535785765
9575220658
4541602333
4258736259
5221185705
4398698561
1109625243
2922098884
7632655388
5727472704
3540447432
8836534451
3667579787
7700617108
8663606682
8683896056
6341921184
3578646722
3673912514
0327484540
4267443381
8324762471
7720305455
1754843131
3696488367
4642284317
2952272398
8890563251
3391276883
3651453215
3694282185
5571062443
8323171438
5701467845
4519958729
5833611755
1442326787
4043686413
1107747786
8862335267
2360518171
8095129294
3852206331
8740464285
6139110039
3188140148
2278477756
7523688848
3614070338
9436864171
1198659257
1131828028
5357157181
7925311435
7340255467
9628430151
9639758677
9147166694
8830128716
2810643678
3335123971
6718375585
7441595426
7688223814
8221699317
1866092008
1084147167
6624745291
3618120154
7115857425
3744766162
7875253381
1365643561
2127903757
6716559827
6033517726
6075775256
6064726675
2073758891
3162343166
3283749139
9092375064
2126333360
1364136648
3938857484
8403006733
3117312600
8772856668
5067453194
1458052174
3944924312
5143155018
4256479276
5516780536
5631157481
4319144611
5753143989
8017451617
0385181791
7490093826
7814665801
6325463210
9007357545
7308354636
8610634036
4418157509
9741224923
0221362575
8344604783
9561503037
9913627306
7974285226
8782895293
9181620777
